initializinging motors...
initializinging encoders...
Starting heartbeat LED...
Initializing IMU...
Initializing the Bosch IMU...
Success!
CTL Mode=1
ROM Version=2dad
RAM Version=0
Product ID=83
Revision ID=3
Host CRC: 84604394
Setting Matrix Config...
Installing Sensors...
IDs: B01, F00
ERROR: manuf_id does not match FUJITSU_MANUF_ID
ERROR: prod_id does not match PROD_ID_MB85RC04V
Initializing LCM serial communication...
starting comms on core 1...
Robot Type: 1
Wheel Radius: 0.041830
Wheel Base Radius: 0.077860
Gear Ratio: 78.000000
Encoder Resolution: 40.000000
Motor Left: 0
Motor Right: 1
Motor Back: 1227575449
Motor Polarity: -1 -1 -129699840
Encoder Polarity: 1 1 -268409319
Positive Slope: 0.060186 0.054035 1.795975e+23
Positive Intercept: 0.040413 0.057728 1.187108e+28
Negative Slope: 0.052748 0.060003 0.000000
Negative Intercept: -0.067886 -0.070026 0.000000
Starting MBot Loop...
Done Booting Up!
0.000000,0.000000,0.000000
0.000000,0.000000,0.000000
0.000000,0.000000,0.000000
0.000000,0.000000,0.000000
0.000000,0.000000,0.000000
0.000000,0.000000,0.000000
0.000000,0.000000,0.000000
0.000000,0.000000,0.000000
0.000000,0.000000,0.000000
0.000000,0.000000,0.000000
0.000000,0.000000,0.000000
0.000000,0.000000,0.000000
0.000000,0.000000,0.000000
0.000000,0.000000,0.000000
0.000000,0.000000,0.000000
0.000000,0.000000,0.000000
0.000000,0.000000,0.000000
0.000000,0.000000,0.000000
0.000000,0.000000,0.000000
0.000000,0.000000,0.000000
0.000000,0.000000,0.000000
0.000000,0.000000,0.000000
0.000000,0.000000,0.000000
0.000000,0.000000,0.000000
0.000000,0.000000,0.000000
0.000000,0.000000,0.000000
0.000000,0.000000,0.000000
0.000000,0.000000,0.000000
0.000000,0.000000,0.000000
0.000000,0.000000,0.000000
0.000000,0.000000,0.000000
0.000000,0.000000,0.000000
0.000000,0.000000,0.000000
0.000000,0.000000,0.000000
0.000000,0.000000,0.000000
0.000000,0.000000,0.000000
0.000000,0.000000,0.000000
0.000000,0.000000,0.000000
0.000000,0.000000,0.000000
0.000000,0.000000,0.000000
0.000000,0.000000,0.000000
0.000000,0.000000,0.000000
0.000000,0.000000,0.000000
0.000000,0.000000,0.000000
0.000000,0.000000,0.000000
0.000000,0.000000,0.000000
0.000000,0.000000,0.000000
0.000000,0.000000,0.000000
0.000000,0.000000,0.000000
0.000000,0.000000,0.000000
0.000000,0.000000,0.000000
0.000000,0.000000,0.000000
0.000000,0.000000,0.000000
0.000000,0.000000,0.000000
0.000000,0.000000,0.000000
0.000000,0.000000,0.000000
0.000000,0.000000,0.000000
0.000000,0.000000,0.000000
0.000000,0.000000,0.000000
0.000000,0.000000,0.000000
0.000000,0.000000,0.000000
0.000000,0.000000,0.000000
0.000000,0.000000,0.000000
0.000000,0.000000,0.000000
0.000000,0.000000,0.000000
0.000000,0.000000,0.000000
0.000000,0.000000,0.000000
0.000000,0.000000,0.000000
0.000000,0.000000,0.000000
0.000000,0.000000,0.000000
0.000000,0.000000,0.000000
0.000000,0.000000,0.000000
0.000000,0.000000,0.000000
0.000000,0.000000,0.000000
0.000000,0.000000,0.000000
0.000000,0.000000,0.000000
0.000000,0.000000,0.000000
0.000000,0.000000,0.000000
0.000000,0.000000,0.000000
0.000000,0.000000,0.000000
0.000000,0.000000,0.000000
0.000000,0.000000,0.000000
0.000000,0.000000,0.000000
0.000000,0.000000,0.000000
0.000000,0.000000,0.000000
0.000000,0.000000,0.000000
0.000000,0.000000,0.000000
0.000000,0.000000,0.000000
0.000000,0.000000,0.000000
0.000000,0.000000,0.000000
0.000000,0.000000,0.000000
0.000000,0.000000,0.000000
0.000000,0.000000,0.000000
0.000000,0.000000,0.000000
0.000000,0.000000,0.000000
0.000000,0.000000,0.000000
0.000000,0.000000,0.000000
0.000000,0.000000,0.000000
0.000000,0.000000,0.000000
0.000000,0.000000,0.000000
0.000000,0.000000,0.000000
0.000000,0.000000,0.000000
0.000000,0.000000,0.000000
0.000000,0.000000,0.000000
0.000000,0.000000,0.000000
0.000000,0.000000,0.000000
0.000000,0.000000,0.000000
0.000000,0.000000,0.000000
0.000000,0.000000,0.000000
0.000000,0.000000,0.000000
0.000000,0.000000,0.000000
0.000000,0.000000,0.000000
0.000000,0.000000,0.000000
0.000000,0.000000,0.000000
0.000000,0.000000,0.000000
0.000000,0.000000,0.000000
0.000000,0.000000,0.000000
0.000000,0.000000,0.000000
0.000000,0.000000,0.000000
0.000000,0.000000,0.000000
0.000000,0.000000,0.000000
0.000000,0.000000,0.000000
0.000000,0.000000,0.000000
0.000000,0.000000,0.000000
0.000000,0.000000,0.000000
0.000000,0.000000,0.000000
0.000000,0.000000,0.000000
0.000000,0.000000,0.000000
0.000000,0.000000,0.000000
0.000000,0.000000,0.000000
0.000000,0.000000,0.000000
0.000000,0.000000,0.000000
0.000000,0.000000,0.000000
0.000000,0.000000,0.000000
0.000000,0.000000,0.000000
0.000000,0.000000,0.000000
0.000000,0.000000,0.000000
0.000000,0.000000,0.000000
0.000000,0.000000,0.000000
0.000000,0.000000,0.000000
0.000000,0.000000,0.000000
0.000000,0.000000,0.000000
0.000000,0.000000,0.000000
0.000000,0.000000,0.000000
0.000000,0.000000,0.000000
0.005159,0.000000,-0.004770
0.010950,-0.000028,-0.009519
0.017469,-0.000090,-0.013758
0.025270,-0.000197,-0.018530
0.033604,-0.000351,-0.022769
0.042080,-0.000544,-0.027458
0.050662,-0.000780,-0.032207
0.059275,-0.001058,-0.034854
0.062326,-0.001164,-0.020015
0.063848,-0.001195,0.000594
0.070534,-0.001191,0.015437
0.078990,-0.001060,0.021265
0.086086,-0.000909,0.018085
0.093803,-0.000770,0.018085
0.102472,-0.000613,0.017024
0.111551,-0.000458,0.015964
0.120866,-0.000309,0.013846
0.130193,-0.000180,0.012263
0.139562,-0.000065,0.010672
0.148848,0.000034,0.009082
0.158010,0.000117,0.006962
0.167291,0.000182,0.005934
0.176535,0.000236,0.006994
0.185990,0.000303,0.007525
0.195322,0.000373,0.007525
0.204692,0.000443,0.006994
0.214056,0.000509,0.006465
0.223420,0.000569,0.005935
0.232750,0.000625,0.006977
0.242078,0.000690,0.005916
0.251530,0.000746,0.006451
0.260889,0.000806,0.005922
0.270268,0.000862,0.006978
0.279556,0.000926,0.007508
0.288887,0.000996,0.007508
0.298337,0.001067,0.006978
0.307696,0.001133,0.006978
0.317020,0.001198,0.006978
0.326348,0.001263,0.005918
0.335801,0.001319,0.004328
0.345010,0.001359,0.002765
0.354256,0.001384,0.002765
0.363378,0.001409,0.002234
0.372337,0.001429,0.001704
0.381048,0.001444,0.001184
0.389380,0.001454,0.001184
0.397469,0.001464,0.000124
0.405139,0.001465,-0.000924
0.412529,0.001458,-0.003576
0.419587,0.001433,-0.004106
0.426473,0.001404,-0.004635
0.433308,0.001373,-0.002570
0.439869,0.001356,-0.000980
0.446227,0.001350,-0.000980
0.452482,0.001343,0.000575
0.458264,0.001347,0.000575
0.464123,0.001350,0.000575
0.469611,0.001353,0.002165
0.474971,0.001365,0.002165
0.480090,0.001376,0.003226
0.484997,0.001392,0.004814
0.489659,0.001414,0.006404
0.494305,0.001444,0.006932
0.498761,0.001475,0.005872
0.502970,0.001500,0.004812
0.507012,0.001519,0.003753
0.511076,0.001534,0.003753
0.515038,0.001549,0.002693
0.518754,0.001559,0.001632
0.522304,0.001565,0.000572
0.525693,0.001567,0.000047
0.528952,0.001567,-0.001542
0.532171,0.001562,-0.001542
0.535225,0.001557,-0.003662
0.535470,0.001557,-0.004711
0.536584,0.001551,-0.041269
0.536996,0.001534,-0.095331
0.537120,0.001522,-0.158429
0.537120,0.001522,-0.224843
0.537160,0.001513,-0.294235
0.537318,0.001465,-0.365244
0.537279,0.001480,-0.438909
0.537352,0.001446,-0.515512
0.537316,0.001466,-0.590270
0.537316,0.001466,-0.664447
0.537253,0.001516,-0.737984
0.537192,0.001571,-0.813234
0.537163,0.001601,-0.889053
0.537111,0.001666,-0.964318
0.537134,0.001632,-1.039515
0.537051,0.001775,-1.114789
0.537051,0.001775,-1.190084
0.536959,0.002005,-1.265382
0.536921,0.002123,-1.334820
0.536883,0.002283,-1.392016
0.536875,0.002324,-1.433874
0.536864,0.002406,-1.460377
0.537424,-0.002641,-1.461968
0.538137,-0.009172,-1.459858
0.538962,-0.016578,-1.459341
0.539913,-0.025076,-1.457780
0.540928,-0.034011,-1.454601
0.542004,-0.043232,-1.451951
0.543124,-0.052616,-1.450361
0.544316,-0.062463,-1.449263
0.545441,-0.071676,-1.447674
0.546586,-0.080929,-1.447674
0.547732,-0.090185,-1.445553
0.548883,-0.099333,-1.444496
0.550032,-0.108375,-1.443966
0.551195,-0.117500,-1.443437
0.552379,-0.126748,-1.443437
0.553569,-0.136038,-1.443437
0.554759,-0.145331,-1.443967
0.555927,-0.154495,-1.443967
0.557110,-0.163766,-1.445010
0.558279,-0.173011,-1.446070
0.559429,-0.182182,-1.448189
0.560569,-0.191438,-1.448189
0.561686,-0.200504,-1.447668
0.562847,-0.209881,-1.447138
0.563997,-0.219135,-1.447138
0.565142,-0.228350,-1.446608
0.566294,-0.237574,-1.448721
0.567414,-0.246702,-1.450310
0.568544,-0.256038,-1.450310
0.569674,-0.265374,-1.449251
0.570813,-0.274696,-1.448211
0.571941,-0.283855,-1.446658
0.573101,-0.293150,-1.446128
0.574276,-0.302521,-1.445612
0.575456,-0.311898,-1.445082
0.576635,-0.321234,-1.445082
0.577819,-0.330601,-1.445611
0.579006,-0.340031,-1.446655
0.580171,-0.349367,-1.447715
0.581321,-0.358666,-1.448245
0.582452,-0.367842,-1.448245
0.583542,-0.376693,-1.448773
0.584601,-0.385333,-1.448243
0.585606,-0.393488,-1.447713
0.586589,-0.401435,-1.447713
0.587542,-0.409140,-1.448229
0.588470,-0.416672,-1.449289
0.589340,-0.423796,-1.449289
0.590165,-0.430556,-1.451939
0.590945,-0.437085,-1.453494
0.591698,-0.443478,-1.454553
0.592411,-0.449584,-1.455083
0.593116,-0.455649,-1.455083
0.593772,-0.461293,-1.455608
0.594426,-0.466946,-1.455608
0.595038,-0.472235,-1.455078
0.595677,-0.477729,-1.456206
0.596248,-0.482689,-1.455676
0.596788,-0.487364,-1.457797
0.597281,-0.491709,-1.459916
0.597758,-0.495989,-1.460960
0.598205,-0.500046,-1.462549
0.598647,-0.504107,-1.462019
0.599072,-0.508006,-1.460428
0.599498,-0.511845,-1.459373
0.599924,-0.515656,-1.457784
0.600324,-0.519182,-1.456724
0.600728,-0.522708,-1.455664
0.601125,-0.526139,-1.455142
0.601492,-0.529297,-1.454612
0.601860,-0.532451,-1.454082
0.602216,-0.535483,-1.454082
0.602244,-0.535728,-1.455138
0.602368,-0.536794,-1.418016
0.602444,-0.537284,-1.357570
0.602452,-0.537324,-1.291366
0.602497,-0.537479,-1.217966
0.602497,-0.537479,-1.144836
0.602514,-0.537516,-1.071129
0.602533,-0.537552,-0.997157
0.602533,-0.537552,-0.922943
0.602434,-0.537420,-0.850892
0.602352,-0.537327,-0.782513
0.602294,-0.537270,-0.712604
0.602325,-0.537297,-0.642099
0.602425,-0.537371,-0.568461
0.602564,-0.537460,-0.494294
0.602745,-0.537557,-0.419704
0.602896,-0.537625,-0.346561
0.603090,-0.537695,-0.271806
0.603328,-0.537761,-0.205073
0.603646,-0.537827,-0.152978
0.604013,-0.537884,-0.119586
0.604505,-0.537943,-0.101566
0.609512,-0.538453,-0.101566
0.615740,-0.539088,-0.100508
0.623375,-0.539858,-0.101568
0.632121,-0.540749,-0.103158
0.641234,-0.541693,-0.105279
0.650465,-0.542668,-0.108923
0.659687,-0.543677,-0.109452
0.669038,-0.544704,-0.110512
0.678431,-0.545747,-0.109982
0.687866,-0.546789,-0.108931
0.697325,-0.547823,-0.108397
0.706794,-0.548854,-0.107868
0.716146,-0.549866,-0.109987
0.725548,-0.550905,-0.110500
0.735024,-0.551956,-0.109970
0.744535,-0.553006,-0.109970
0.753930,-0.554043,-0.110487
0.763364,-0.555090,-0.110487
0.772719,-0.556128,-0.110487
0.782228,-0.557183,-0.110487
0.791656,-0.558229,-0.110487
0.801089,-0.559275,-0.110487
0.810482,-0.560317,-0.111017
0.819964,-0.561374,-0.109960
0.829484,-0.562425,-0.109960
0.838995,-0.563475,-0.109960
0.848464,-0.564521,-0.110490
0.857982,-0.565577,-0.111009
0.867582,-0.566647,-0.111009
0.877142,-0.567712,-0.110479
0.886569,-0.568758,-0.110479
0.895879,-0.569791,-0.111009
0.905187,-0.570828,-0.112598
0.914542,-0.571886,-0.114720
0.923809,-0.572954,-0.116803
0.932408,-0.573963,-0.118754
0.941783,-0.575082,-0.119284
0.951045,-0.576192,-0.119284
0.960324,-0.577304,-0.119812
0.969300,-0.578384,-0.119282
0.978184,-0.579449,-0.118753
0.987036,-0.580505,-0.117692
0.995627,-0.581521,-0.117176
1.003868,-0.582491,-0.117706
1.011856,-0.583436,-0.117176
1.019525,-0.584339,-0.116657
1.026981,-0.585212,-0.115597
1.034155,-0.586045,-0.116127
1.041124,-0.586858,-0.116127
1.047679,-0.587623,-0.116647
1.053947,-0.588358,-0.117177
1.060054,-0.589076,-0.117707
1.065956,-0.589774,-0.115587
1.071756,-0.590448,-0.115587
1.077409,-0.591104,-0.115587
1.082861,-0.591737,-0.116117
1.088147,-0.592354,-0.116647
1.093220,-0.592948,-0.118729
1.098176,-0.593539,-0.119259
1.103079,-0.594127,-0.121484
1.107664,-0.594687,-0.122543
1.111988,-0.595219,-0.122543
1.116166,-0.595734,-0.124664
1.120221,-0.596242,-0.125194
1.124026,-0.596721,-0.126782
1.127792,-0.597201,-0.126782
1.131406,-0.597662,-0.127308
1.134844,-0.598102,-0.128368
1.138242,-0.598540,-0.128898
1.141472,-0.598959,-0.129415
1.144500,-0.599353,-0.130475
1.144909,-0.599407,-0.129415
1.146178,-0.599572,-0.092834
1.146341,-0.599587,-0.037017
1.146217,-0.599582,0.029197
1.146135,-0.599585,0.098098
1.145934,-0.599604,0.169115
1.145974,-0.599598,0.241169
1.146135,-0.599558,0.315389
1.146291,-0.599507,0.389560
1.146556,-0.599398,0.464597
1.146667,-0.599343,0.538297
1.146915,-0.599195,0.613051
1.147042,-0.599106,0.682734
1.146882,-0.599235,0.749760
1.146550,-0.599544,0.814939
1.146267,-0.599845,0.879608
1.146030,-0.600131,0.945875
1.146054,-0.600098,1.016184
1.146076,-0.600063,1.088751
1.146171,-0.599880,1.163462
1.146237,-0.599729,1.239807
1.146263,-0.599651,1.315930
1.146336,-0.599371,1.389646
1.146366,-0.599209,1.451091
1.146410,-0.598840,1.495067
1.146438,-0.598478,1.520500
1.146701,-0.593242,1.522090
1.147029,-0.586529,1.523679
1.147383,-0.579011,1.524196
1.147785,-0.570395,1.524726
1.148207,-0.561239,1.523665
1.148645,-0.551963,1.523135
1.149095,-0.542518,1.521598
1.149556,-0.533165,1.522128
1.150019,-0.523643,1.521598
1.150483,-0.514226,1.521598
1.150954,-0.504665,1.521598
1.151455,-0.494482,1.520459
1.151930,-0.485050,1.520989
1.152404,-0.475555,1.520989
1.152876,-0.466076,1.520989
1.153347,-0.456636,1.518338
1.153833,-0.447374,1.516750
1.154338,-0.438048,1.517279
1.154834,-0.428778,1.516749
1.155342,-0.419381,1.517809
1.155839,-0.410027,1.517279
1.156341,-0.400641,1.517279
1.156840,-0.391332,1.516219
1.157353,-0.381939,1.515160
1.157883,-0.372421,1.515690
1.158406,-0.362942,1.515690
1.158932,-0.353410,1.516216
1.159454,-0.343857,1.516216
1.159969,-0.334422,1.516746
1.160483,-0.324936,1.516746
1.160998,-0.315417,1.517276
1.161505,-0.305944,1.518335
1.162007,-0.296386,1.518335
1.162508,-0.286846,1.518862
1.163005,-0.277284,1.519922
1.163452,-0.268507,1.519922
1.163938,-0.258957,1.519922
1.164425,-0.249400,1.519408
1.164906,-0.240042,1.518878
1.165396,-0.230603,1.518347
1.165890,-0.221200,1.518347
1.166394,-0.211598,1.516757
1.166898,-0.202286,1.515697
1.167418,-0.192851,1.514107
1.167958,-0.183339,1.513587
1.168500,-0.173872,1.513587
1.169040,-0.164442,1.513057
1.169577,-0.155156,1.513057
1.170115,-0.145845,1.513057
1.170642,-0.136738,1.511467
1.171187,-0.127556,1.509877
1.171748,-0.118362,1.509877
1.172316,-0.109049,1.510938
1.172874,-0.099742,1.510938
1.173441,-0.090276,1.511970
1.173987,-0.081012,1.512500
1.174535,-0.071623,1.513559
1.175073,-0.062229,1.515679
1.175590,-0.052863,1.515158
1.176115,-0.043426,1.516748
1.176659,-0.033382,1.517891
1.177156,-0.023988,1.518951
1.177653,-0.014415,1.518423
1.178152,-0.004894,1.517893
1.178652,0.004547,1.517362
1.179165,0.014142,1.516833
1.179684,0.023742,1.516303
1.180205,0.033303,1.515243
1.180737,0.042863,1.514182
1.181274,0.052339,1.512062
1.181832,0.061830,1.511543
1.182392,0.071260,1.511013
1.182961,0.080781,1.511543
1.183519,0.090175,1.512604
1.184067,0.099584,1.513123
1.184611,0.109013,1.512593
1.185151,0.118283,1.509943
1.185719,0.127596,1.507822
1.186310,0.136966,1.508340
1.186907,0.146522,1.508340
1.187502,0.156030,1.508869
1.188094,0.165583,1.509388
1.188669,0.174936,1.509918
1.189247,0.184410,1.510978
1.189820,0.193981,1.511507
1.190376,0.203351,1.510449
1.190951,0.212865,1.510979
1.191514,0.222260,1.512040
1.192076,0.231817,1.512040
1.192641,0.241418,1.511002
1.193203,0.250811,1.509942
1.193783,0.260326,1.508352
1.194379,0.269868,1.508352
1.194979,0.279465,1.506761
1.195584,0.288891,1.506232
1.196193,0.298322,1.505702
1.196806,0.307719,1.504668
1.197428,0.317107,1.503608
1.198065,0.326580,1.502548
1.198705,0.335946,1.503065
1.199350,0.345456,1.503595
1.199988,0.354930,1.503595
1.200620,0.364322,1.503595
1.201220,0.373227,1.501511
1.201819,0.381866,1.499392
1.202426,0.390348,1.499392
1.203021,0.398664,1.500453
1.203584,0.406659,1.499925
1.204121,0.414224,1.500445
1.204657,0.421829,1.500975
1.205155,0.428950,1.501505
1.205631,0.435814,1.501505
1.206092,0.442444,1.500975
1.206543,0.448907,1.501505
1.206960,0.454913,1.500474
1.207375,0.460797,1.499944
1.207781,0.466520,1.500474
1.208167,0.471996,1.499944
1.208546,0.477336,1.500461
1.208899,0.482354,1.499401
1.209256,0.487337,1.498871
1.209595,0.492046,1.498353
1.209926,0.496614,1.497823
1.210248,0.501016,1.497293
1.210554,0.505173,1.496763
1.210866,0.509371,1.495703
1.211154,0.513199,1.494654
1.211445,0.517026,1.494124
1.211730,0.520727,1.493064
1.212007,0.524289,1.491518
1.212285,0.527786,1.490988
1.212542,0.530995,1.490988
1.212795,0.534159,1.490472
1.212821,0.534494,1.488620
1.212920,0.535686,1.451007
1.212939,0.535845,1.395373
1.212975,0.536049,1.324870
1.212965,0.536008,1.251184
1.212965,0.536008,1.174916
1.212949,0.535971,1.098416
1.212930,0.535934,1.021525
1.212887,0.535864,0.946235
1.212839,0.535797,0.870930
1.212786,0.535734,0.797117
1.212757,0.535705,0.725572
1.212757,0.535705,0.652409
1.212757,0.535705,0.581392
1.212723,0.535682,0.511022
1.212687,0.535662,0.439501
1.212613,0.535627,0.367434
1.212690,0.535657,0.295323
1.212690,0.535657,0.225622
1.212730,0.535666,0.168896
1.212892,0.535694,0.126519
1.213056,0.535715,0.102137
1.218389,0.536261,0.101109
1.225124,0.536944,0.103230
1.231946,0.537651,0.104690
1.240424,0.538542,0.107818
1.249527,0.539527,0.112056
1.258879,0.540580,0.116297
1.268222,0.541671,0.120536
1.277613,0.542809,0.124186
1.287112,0.543994,0.127366
1.296527,0.545200,0.128426
1.305984,0.546421,0.130016
1.315361,0.547647,0.130016
1.324885,0.548893,0.130546
1.334418,0.550144,0.131076
1.343954,0.551401,0.130545
1.353287,0.552627,0.129503
1.362660,0.553847,0.128973
1.372108,0.555073,0.128443
1.381604,0.556299,0.127383
1.391080,0.557513,0.126326
1.400535,0.558714,0.125796
1.409994,0.559910,0.124205
1.419492,0.561096,0.122086
1.428946,0.562256,0.121049
1.438538,0.563422,0.122110
1.448002,0.564584,0.123700
1.457547,0.565771,0.125291
1.466709,0.566925,0.125787
1.476164,0.568120,0.126317
1.485784,0.569342,0.126847
1.495324,0.570559,0.126317
1.505005,0.571788,0.125801
1.514500,0.572989,0.125801
1.524161,0.574211,0.125801
1.533797,0.575429,0.125801
1.543419,0.576646,0.125271
1.552921,0.577843,0.125271
1.562414,0.579038,0.125271
1.572008,0.580246,0.124751
1.581468,0.581433,0.124221
1.590724,0.582588,0.124221
1.599683,0.583707,0.123706
1.608276,0.584776,0.121587
1.616674,0.585802,0.119997
1.624951,0.586800,0.119997
1.632811,0.587747,0.119475
1.640434,0.588663,0.120536
1.647642,0.589536,0.120536
1.654690,0.590389,0.120536
1.661502,0.591214,0.118953
1.667855,0.591974,0.115241
1.674105,0.592697,0.110226
1.680133,0.593364,0.109696
1.685747,0.593983,0.110218
1.691573,0.594627,0.112338
1.696907,0.595229,0.112338
1.702398,0.595849,0.113398
1.707541,0.596434,0.115508
1.712461,0.597005,0.116568
1.717215,0.597562,0.117628
1.721847,0.598109,0.118158
1.726225,0.598629,0.118158
1.730528,0.599140,0.117628
1.734627,0.599624,0.117628
1.738727,0.600109,0.117628
1.742580,0.600564,0.117628
1.746102,0.600980,0.117628
1.749710,0.601407,0.116568
1.752975,0.601789,0.116047
1.756213,0.602166,0.116577
1.756582,0.602210,0.116047
1.757934,0.602367,0.080555
1.758343,0.602400,0.023558
1.758632,0.602407,-0.045914
1.758632,0.602407,-0.120151
1.758842,0.602382,-0.197527
1.758881,0.602374,-0.274676
1.759040,0.602329,-0.352032
1.759040,0.602329,-0.428380
1.759115,0.602295,-0.504708
1.759187,0.602255,-0.579961
1.759187,0.602255,-0.657288
1.759285,0.602179,-0.734138
1.759285,0.602179,-0.810471
1.759342,0.602119,-0.886808
1.759316,0.602151,-0.964476
1.759316,0.602151,-1.041031
1.759337,0.602116,-1.117488
1.759300,0.602191,-1.194869
1.759331,0.602114,-1.270130
1.759306,0.602193,-1.347562
1.759306,0.602193,-1.416299
1.759300,0.602233,-1.473005
1.759300,0.602233,-1.511173
1.759305,0.602152,-1.534127
1.759495,0.596961,-1.529890
1.759762,0.590447,-1.523531
1.760107,0.583150,-1.521941
1.760518,0.574752,-1.519333
1.760974,0.565893,-1.517743
1.761404,0.557786,-1.515847
1.761914,0.548519,-1.514258
1.762449,0.539066,-1.511625
1.763003,0.529716,-1.510036
1.763569,0.520408,-1.507916
1.764152,0.511151,-1.507387
1.764748,0.501776,-1.506337
1.765354,0.492386,-1.505277
1.765967,0.483039,-1.504747
1.766588,0.473650,-1.504747
1.767210,0.464253,-1.504219
1.767843,0.454747,-1.504749
1.768467,0.445316,-1.505279
1.769083,0.435927,-1.506339
1.769682,0.426654,-1.505818
1.770290,0.417312,-1.506347
1.770890,0.408011,-1.506347
1.771493,0.398666,-1.505818
1.772094,0.389426,-1.505289
1.772707,0.380080,-1.505819
1.773312,0.370781,-1.506878
1.773900,0.361598,-1.507408
1.774487,0.352361,-1.507923
1.775067,0.343135,-1.507923
1.775659,0.333744,-1.508983
1.776235,0.324433,-1.508983
1.776809,0.315167,-1.509513
1.777375,0.305941,-1.510573
1.777934,0.296668,-1.510042
1.778505,0.287278,-1.509010
1.779080,0.277976,-1.507950
1.779663,0.268710,-1.506361
1.780266,0.259366,-1.505831
1.780879,0.249941,-1.506876
1.781477,0.240601,-1.507406
1.782071,0.231253,-1.506876
1.782664,0.221985,-1.508466
1.783242,0.212722,-1.508466
1.783828,0.203332,-1.508466
1.784406,0.194073,-1.507937
1.784992,0.184761,-1.507413
1.785580,0.175497,-1.506884
1.786176,0.166187,-1.505823
1.786779,0.156922,-1.505293
1.787382,0.147727,-1.505815
1.787982,0.138501,-1.506875
1.788578,0.129196,-1.507935
1.789159,0.119967,-1.510055
1.789713,0.110856,-1.511111
1.789940,0.107052,-1.511716
1.790364,0.099887,-1.507477
1.790928,0.090989,-1.505357
1.791426,0.083399,-1.505874
1.791951,0.075325,-1.505874
1.792526,0.066478,-1.505344
1.793123,0.057366,-1.507420
1.793711,0.048102,-1.509009
1.794289,0.038750,-1.509539
1.794871,0.029276,-1.508479
1.795454,0.019930,-1.507959
1.796050,0.010459,-1.506899
1.796659,0.000943,-1.506369
1.797270,-0.008530,-1.505309
1.797891,-0.018000,-1.504781
1.798525,-0.027588,-1.505310
1.799151,-0.037141,-1.505310
1.799775,-0.046652,-1.505840
1.800398,-0.056225,-1.506885
1.801004,-0.065700,-1.506885
1.801618,-0.075288,-1.507414
1.802219,-0.084759,-1.507414
1.802818,-0.094200,-1.507414
1.803411,-0.103551,-1.506884
1.804064,-0.113756,-1.506884
1.804670,-0.123220,-1.506884
1.805272,-0.132618,-1.506884
1.805870,-0.141968,-1.508474
1.806451,-0.151274,-1.509534
1.807031,-0.160739,-1.510593
1.807603,-0.170229,-1.511122
1.808167,-0.179663,-1.511652
1.808716,-0.188930,-1.512182
1.809264,-0.198284,-1.512712
1.809805,-0.207581,-1.513743
1.810334,-0.216848,-1.513213
1.810883,-0.226366,-1.512683
1.811432,-0.235800,-1.512153
1.811990,-0.245312,-1.511623
1.812551,-0.254780,-1.510564
1.813118,-0.264171,-1.510564
1.813689,-0.273642,-1.511624
1.814254,-0.283184,-1.512142
1.814810,-0.292657,-1.513202
1.815354,-0.302079,-1.512672
1.815906,-0.311580,-1.512672
1.816460,-0.321097,-1.512142
1.817019,-0.330618,-1.511612
1.817499,-0.338716,-1.511157
1.818058,-0.348068,-1.510636
1.818621,-0.357417,-1.511166
1.819174,-0.366685,-1.511696
1.819698,-0.375542,-1.512226
1.820204,-0.384163,-1.514339
1.820669,-0.392398,-1.516458
1.821106,-0.400435,-1.518048
1.821511,-0.408102,-1.518048
1.821905,-0.415558,-1.519090
1.822278,-0.422772,-1.519620
1.822632,-0.429688,-1.518561
1.822971,-0.436159,-1.519091
1.823308,-0.442674,-1.519618
1.823629,-0.448938,-1.519618
1.823924,-0.454709,-1.522799
1.824191,-0.460271,-1.524388
1.824435,-0.465516,-1.526464
1.824673,-0.470875,-1.526464
1.824900,-0.475988,-1.525403
1.825132,-0.481101,-1.524886
1.825351,-0.485878,-1.523827
1.825570,-0.490535,-1.523297
1.825782,-0.494986,-1.523297
1.825986,-0.499275,-1.522256
1.826209,-0.503883,-1.522843
1.826399,-0.507838,-1.522843
1.826586,-0.511732,-1.523359
1.826762,-0.515443,-1.524420
1.826931,-0.519072,-1.525480
1.827088,-0.522534,-1.526540
1.827234,-0.525846,-1.527578
1.827374,-0.529063,-1.527578
1.827507,-0.532155,-1.527048
1.827630,-0.534961,-1.527048
1.827637,-0.535126,-1.528107
1.827687,-0.536280,-1.491006
1.827703,-0.536486,-1.433245
1.827709,-0.536526,-1.364937
1.827700,-0.536486,-1.292315
1.827689,-0.536446,-1.219736
1.827675,-0.536407,-1.145040
1.827742,-0.536556,-1.071452
1.827762,-0.536592,-0.997779
1.827829,-0.536696,-0.921988
1.827854,-0.536729,-0.847314
1.827909,-0.536791,-0.772064
1.827938,-0.536820,-0.697060
1.828031,-0.536897,-0.622987
1.828148,-0.536982,-0.555981
1.828148,-0.536982,-0.481837
1.828331,-0.537078,-0.406048
1.828331,-0.537078,-0.330779
1.828522,-0.537143,-0.257638
1.828602,-0.537164,-0.194029
1.828683,-0.537180,-0.153781
1.828564,-0.537162,-0.134648
1.828441,-0.537145,-0.131998
1.832978,-0.537747,-0.141001
1.839516,-0.538675,-0.141001
1.846625,-0.539684,-0.138396
1.854963,-0.540846,-0.134155
1.863878,-0.542049,-0.129916
1.873083,-0.543252,-0.124086
1.882346,-0.544407,-0.119333
1.891773,-0.545537,-0.116152
1.900998,-0.546614,-0.114561
1.910266,-0.547680,-0.112441
1.919856,-0.548763,-0.110358
1.929325,-0.549812,-0.109828
1.938881,-0.550866,-0.109298
1.948277,-0.551897,-0.108768
1.957810,-0.552938,-0.108239
1.967409,-0.553981,-0.108239
1.977596,-0.555088,-0.108804
1.987110,-0.556127,-0.108804
1.996556,-0.557159,-0.109319
2.006194,-0.558217,-0.108789
2.015755,-0.559261,-0.109319
2.025198,-0.560298,-0.109319
2.034712,-0.561342,-0.109319
2.044229,-0.562386,-0.108259
2.053747,-0.563421,-0.109319
2.063261,-0.564465,-0.110361
2.072731,-0.565515,-0.109831
2.082247,-0.566564,-0.110891
2.091720,-0.567619,-0.113541
2.101162,-0.568695,-0.115126
2.110593,-0.569786,-0.116186
2.120217,-0.570909,-0.115657
2.129808,-0.572023,-0.115657
2.139375,-0.573135,-0.115135
2.148849,-0.574230,-0.116725
2.158232,-0.575331,-0.117255
2.167774,-0.576455,-0.117785
2.177478,-0.577603,-0.117260
2.186987,-0.578723,-0.117260
2.196458,-0.579839,-0.116730
2.207269,-0.581107,-0.115492
2.216276,-0.582151,-0.115492
2.224925,-0.583155,-0.114962
2.233124,-0.584101,-0.114962
2.241120,-0.585025,-0.114432
2.248870,-0.585916,-0.113902
2.256270,-0.586762,-0.114431
2.263442,-0.587586,-0.114960
2.270329,-0.588382,-0.114960
2.277013,-0.589154,-0.115491
2.283443,-0.589899,-0.116013
2.289590,-0.590616,-0.116013
2.295574,-0.591313,-0.117074
2.301246,-0.591980,-0.117594
2.306614,-0.592614,-0.119184
2.312060,-0.593267,-0.120773
2.317182,-0.593888,-0.120242
2.321980,-0.594468,-0.120764
2.326775,-0.595050,-0.121294
2.331364,-0.595609,-0.122355
2.335702,-0.596143,-0.123414
2.339943,-0.596669,-0.124469
2.343791,-0.597150,-0.127649
2.347641,-0.597644,-0.128710
2.350696,-0.598040,-0.129154
2.354266,-0.598503,-0.129674
2.357785,-0.598962,-0.128614
2.361140,-0.599396,-0.128614
2.364364,-0.599813,-0.128098
2.364773,-0.599866,-0.129158
2.366123,-0.600041,-0.092614
2.367027,-0.600125,-0.029015
2.367067,-0.600126,0.040259
2.367315,-0.600116,0.114476
2.367561,-0.600088,0.190805
2.367723,-0.600057,0.268133
2.367604,-0.600089,0.338111
2.367332,-0.600185,0.406465
2.367104,-0.600283,0.469024
2.366994,-0.600339,0.534242
2.367166,-0.600237,0.602781
2.367370,-0.600096,0.678034
2.367563,-0.599941,0.753293
2.367860,-0.599663,0.830567
2.368082,-0.599419,0.906906
2.368311,-0.599127,0.983735
2.368540,-0.598783,1.060055
2.368679,-0.598536,1.135569
2.368818,-0.598236,1.210819
2.368908,-0.597998,1.303152
2.368995,-0.597679,1.373087
2.369076,-0.597276,1.425985
2.369147,-0.596786,1.458845
2.369728,-0.591617,1.465207
2.370458,-0.584728,1.467325
2.371264,-0.576968,1.469976
2.372166,-0.568056,1.469446
2.373131,-0.558570,1.468916
2.374113,-0.548965,1.466796
2.375110,-0.539407,1.465207
2.376125,-0.529829,1.464159
2.377153,-0.520230,1.463099
2.378195,-0.510589,1.462569
2.379243,-0.500950,1.462052
2.380285,-0.491400,1.460464
2.381344,-0.481843,1.459934
2.382417,-0.472202,1.459404
2.383501,-0.462514,1.459932
2.384574,-0.452879,1.459402
2.385641,-0.443334,1.459931
2.386709,-0.433740,1.458872
2.387787,-0.424151,1.456301
2.388876,-0.414680,1.453650
2.389960,-0.405470,1.452130
2.391119,-0.395749,1.452652
2.392276,-0.385997,1.452652
2.393424,-0.376325,1.453712
2.394557,-0.366691,1.454242
2.395704,-0.356901,1.454763
2.396831,-0.347229,1.455823
2.397948,-0.337560,1.455823
2.399041,-0.328089,1.456353
2.400140,-0.318534,1.457409
2.401241,-0.308861,1.457409
2.402342,-0.299192,1.457409
2.403435,-0.289601,1.456349
2.404530,-0.280072,1.456349
2.405642,-0.270394,1.455289
2.406755,-0.260802,1.454229
2.407873,-0.251256,1.453699
2.408975,-0.241888,1.452112
2.410060,-0.232788,1.451051
2.411125,-0.223939,1.449992
2.412158,-0.215427,1.449992
2.413150,-0.207256,1.450512
2.414096,-0.199429,1.451042
2.415023,-0.191723,1.449982
2.415919,-0.184349,1.449982
2.416742,-0.177564,1.450484
2.417549,-0.170888,1.446775
2.418361,-0.164378,1.443065
2.419170,-0.158076,1.442006
2.419967,-0.151923,1.442520
2.420753,-0.145831,1.443049
2.421489,-0.140099,1.444110
2.422203,-0.134496,1.444631
2.422863,-0.129296,1.446222
2.423509,-0.124136,1.447282
2.424119,-0.119224,1.449401
2.424695,-0.114496,1.448364
2.425265,-0.109867,1.448894
2.425812,-0.105401,1.448364
2.426336,-0.101140,1.448364
2.426851,-0.096956,1.448364
2.427330,-0.093064,1.447834
2.427801,-0.089254,1.447304
2.428255,-0.085593,1.447304
2.428698,-0.082029,1.446774
2.429126,-0.078591,1.446774
2.429533,-0.075324,1.446774
2.429579,-0.074955,1.445183
2.429776,-0.073399,1.411242
2.429877,-0.072771,1.351908
2.429930,-0.072534,1.283290
2.429977,-0.072376,1.210161
2.430035,-0.072221,1.133842
2.430087,-0.072109,1.056991
2.430168,-0.071966,0.979828
2.430237,-0.071863,0.903011
2.430365,-0.071701,0.826160
2.430477,-0.071579,0.750875
2.430564,-0.071498,0.674413
2.430629,-0.071446,0.598124
2.430731,-0.071376,0.521296
2.430837,-0.071316,0.445534
2.430911,-0.071280,0.370264
2.431065,-0.071220,0.292876
2.431262,-0.071161,0.222457
2.431342,-0.071143,0.165128
2.431464,-0.071123,0.125367
2.431791,-0.071081,0.102042
2.436841,-0.070564,0.103632
2.443670,-0.069854,0.108384
2.451091,-0.069047,0.108914
2.459744,-0.068100,0.111563
2.468892,-0.067076,0.114214
2.477697,-0.066066,0.117158
2.487117,-0.064957,0.119276
2.496579,-0.063823,0.120866
2.506084,-0.062668,0.121926
2.515526,-0.061511,0.122455
2.524906,-0.060357,0.122985
2.534438,-0.059179,0.123514
2.543976,-0.057995,0.122985
2.553459,-0.056823,0.123507
2.562919,-0.055648,0.122977
2.572339,-0.054484,0.122977
2.581873,-0.053305,0.122447
2.591219,-0.052155,0.121919
2.600683,-0.050996,0.121389
2.610021,-0.049857,0.121389
2.619489,-0.048701,0.119798
2.628863,-0.047573,0.117150
2.638150,-0.046480,0.116097
2.647580,-0.045380,0.116097
2.657051,-0.044276,0.116627
2.666642,-0.043152,0.116627
2.676123,-0.042041,0.117153
2.685510,-0.040937,0.117683
2.694812,-0.039837,0.116093
2.704198,-0.038742,0.115563
2.713771,-0.037631,0.116090
2.723149,-0.036537,0.116620
2.732657,-0.035424,0.117680
2.742232,-0.034292,0.118202
2.751822,-0.033153,0.118202
2.761405,-0.032015,0.118202
2.770911,-0.030886,0.118202
2.780470,-0.029751,0.117680
2.790062,-0.028617,0.117680
2.799489,-0.027502,0.117680
2.808746,-0.026408,0.117680
2.817726,-0.025346,0.118736
2.826532,-0.024295,0.118206
2.834895,-0.023302,0.118206
2.842968,-0.022344,0.117676
2.850803,-0.021417,0.117157
2.858387,-0.020525,0.116627
2.865806,-0.019655,0.117157
2.872858,-0.018825,0.115611
2.879458,-0.018059,0.112961
2.886014,-0.017315,0.111902
2.892082,-0.016633,0.110842
2.898110,-0.015963,0.110312
2.904017,-0.015308,0.110312
2.909246,-0.014729,0.110312
2.914776,-0.014117,0.110841
2.919928,-0.013543,0.110841
2.925055,-0.012973,0.111371
2.929812,-0.012440,0.111371
2.934570,-0.011908,0.111371
2.938801,-0.011435,0.109809
2.942817,-0.010992,0.105572
2.946798,-0.010571,0.103983
2.950533,-0.010181,0.101332
2.954384,-0.009789,0.101332
2.958119,-0.009410,0.102922
2.961771,-0.009032,0.103452
2.965426,-0.008653,0.106103
2.968926,-0.008280,0.107661
2.972331,-0.007912,0.108191
2.975651,-0.007552,0.109780
2.978768,-0.007208,0.110813
2.981761,-0.006875,0.110283
2.984714,-0.006548,0.110283
2.987626,-0.006225,0.109753
2.990279,-0.005933,0.109753
2.992904,-0.005644,0.109753
2.995407,-0.005368,0.109223
2.997827,-0.005103,0.108693
3.000070,-0.004858,0.107619
3.002366,-0.004610,0.106560
3.004499,-0.004382,0.105500
3.006470,-0.004173,0.105500
3.008398,-0.003969,0.104970
3.010169,-0.003782,0.104970
3.011934,-0.003596,0.104440
3.013575,-0.003424,0.104957
3.015257,-0.003247,0.104427
3.016817,-0.003084,0.104427
3.018417,-0.002916,0.103897
3.019945,-0.002757,0.103897
3.021423,-0.002602,0.102837
3.022736,-0.002467,0.101777
3.024015,-0.002336,0.100745
3.025204,-0.002216,0.101275
3.026313,-0.002103,0.100745
3.027422,-0.001991,0.100215
3.028504,-0.001882,0.100732
3.029490,-0.001783,0.099672
3.030474,-0.001684,0.099672
3.031317,-0.001600,0.099154
3.031440,-0.001588,0.086963
3.031275,-0.001602,0.066822
3.031718,-0.001573,0.049733
3.031961,-0.001561,0.033059
3.032703,-0.001536,0.029879
3.033405,-0.001515,0.034648
3.033900,-0.001498,0.041010
3.034105,-0.001489,0.042594
3.034311,-0.001481,0.043123
3.034476,-0.001474,0.043123
3.034558,-0.001470,0.043123
3.034638,-0.001467,0.044149
3.034720,-0.001463,0.043089
3.034762,-0.001461,0.043619
3.034802,-0.001459,0.043096
3.034802,-0.001459,0.043096
3.034802,-0.001459,0.043096
3.034802,-0.001459,0.043096
3.034802,-0.001459,0.043096
3.034802,-0.001459,0.043096
3.034802,-0.001459,0.043096
3.034802,-0.001459,0.043096
3.034802,-0.001459,0.043096
3.034802,-0.001459,0.043096
3.034802,-0.001459,0.043096
3.034802,-0.001459,0.043096
3.034802,-0.001459,0.043096
3.034802,-0.001459,0.043096
3.034802,-0.001459,0.043096
3.034802,-0.001459,0.043096
3.034802,-0.001459,0.043096
3.034802,-0.001459,0.043096
3.034802,-0.001459,0.043096
3.034802,-0.001459,0.043096
3.034802,-0.001459,0.043096
3.034802,-0.001459,0.043096
3.034802,-0.001459,0.043096
3.034802,-0.001459,0.043096
3.034802,-0.001459,0.043096
3.034802,-0.001459,0.043096
3.034802,-0.001459,0.043096
3.034802,-0.001459,0.043096
3.034802,-0.001459,0.043096
3.034802,-0.001459,0.043096
3.034802,-0.001459,0.043096
3.034802,-0.001459,0.043096
3.034802,-0.001459,0.043096
3.034802,-0.001459,0.043096
3.034802,-0.001459,0.043096
3.034802,-0.001459,0.043096
3.034802,-0.001459,0.043096
3.034802,-0.001459,0.043096
3.034802,-0.001459,0.043096
3.034802,-0.001459,0.043096
3.034802,-0.001459,0.043096
3.034802,-0.001459,0.043096
3.034802,-0.001459,0.043096
3.034802,-0.001459,0.043096
3.034802,-0.001459,0.043096
3.034802,-0.001459,0.043096
3.034802,-0.001459,0.043096
3.034802,-0.001459,0.043096
3.034802,-0.001459,0.043096
3.034802,-0.001459,0.043096
3.034802,-0.001459,0.043096
3.034802,-0.001459,0.043096
3.034802,-0.001459,0.043096
3.034802,-0.001459,0.043096
3.034802,-0.001459,0.043096
3.034802,-0.001459,0.043096
3.034802,-0.001459,0.043096
3.034802,-0.001459,0.043096
3.034802,-0.001459,0.043096
3.034802,-0.001459,0.043096
3.034802,-0.001459,0.043096
3.034802,-0.001459,0.043096
3.034802,-0.001459,0.043096
3.034802,-0.001459,0.043096
3.034802,-0.001459,0.043096
3.034802,-0.001459,0.043096
3.034802,-0.001459,0.043096
3.034802,-0.001459,0.043096
3.034802,-0.001459,0.043096
3.034802,-0.001459,0.043096
3.034802,-0.001459,0.043096
3.034802,-0.001459,0.043096
3.034802,-0.001459,0.043096
3.034802,-0.001459,0.043096
3.034802,-0.001459,0.043096
3.034802,-0.001459,0.043096
3.034802,-0.001459,0.043096
3.034802,-0.001459,0.043096
3.034802,-0.001459,0.043096
3.034802,-0.001459,0.043096
3.034802,-0.001459,0.043096
3.034802,-0.001459,0.043096
3.034802,-0.001459,0.043096
3.034802,-0.001459,0.043096
3.034802,-0.001459,0.043096
3.034802,-0.001459,0.043096
3.034802,-0.001459,0.043096
3.034802,-0.001459,0.043096
3.034802,-0.001459,0.043096
3.034802,-0.001459,0.043096
3.034802,-0.001459,0.043096
3.034802,-0.001459,0.043096
3.034802,-0.001459,0.043096
3.034802,-0.001459,0.043096
3.034802,-0.001459,0.043096
